Set ID	Set N	Kuiper p-value (vs. background)	Kuiper q-value (vs. background)	Kuiper p-value (vs. uniform)	Kuiper q-value (vs. uniform)	Vector-average magnitude	Vector-average value
HALLMARK_NOTCH_SIGNALING	0	NA	NA	NA	NA	NA	NA
HALLMARK_ANGIOGENESIS	1	NA	NA	NA	NA	NA	NA
HALLMARK_WNT_BETA_CATENIN_SIGNALING	1	NA	NA	NA	NA	NA	NA
HALLMARK_TGF_BETA_SIGNALING	3	NA	NA	NA	NA	NA	NA
HALLMARK_APICAL_SURFACE	3	NA	NA	NA	NA	NA	NA
HALLMARK_HEDGEHOG_SIGNALING	3	NA	NA	NA	NA	NA	NA
HALLMARK_KRAS_SIGNALING_DN	4	NA	NA	NA	NA	NA	NA
HALLMARK_PI3K_AKT_MTOR_SIGNALING	4	NA	NA	NA	NA	NA	NA
HALLMARK_SPERMATOGENESIS	5	0.6	0.6631578947368421	0.0139	0.025483333333333334	0.6101163007487185	10.583667982147121
HALLMARK_COAGULATION	5	0.3	0.39375	2.0E-4	0.0011	0.9872838488139799	10.846480646612017
HALLMARK_PANCREAS_BETA_CELLS	5	0.8	0.8400000000000001	0.0274	0.04018666666666667	0.8570789647573503	10.925687649032739
HALLMARK_IL6_JAK_STAT3_SIGNALING	6	0.6	0.6631578947368421	0.2	0.22000000000000003	0.4360648324166005	13.031194942954848
HALLMARK_PEROXISOME	6	0.9	0.9	4.0E-4	0.00176	0.9352188449704746	10.8502428995887
HALLMARK_PROTEIN_SECRETION	6	0.1	0.17914615384615384	0.0	0.0	0.9890718798017193	10.791692437072676
HALLMARK_REACTIVE_OXYGEN_SPECIES_PATHWAY	7	0.6	0.6631578947368421	0.0	0.0	0.9694672925041563	10.81467948880527
HALLMARK_INTERFERON_ALPHA_RESPONSE	7	0.0239	0.08365	6.0E-4	0.0018857142857142855	0.7162745291605641	11.497933860086192
HALLMARK_INFLAMMATORY_RESPONSE	7	0.078	0.1638	0.5927	0.5927	0.2855688286812025	10.731075429185672
HALLMARK_APICAL_JUNCTION	8	0.6	0.6631578947368421	0.0036	0.00792	0.8568879210077996	10.68744822719471
HALLMARK_BILE_ACID_METABOLISM	8	0.6	0.6631578947368421	1.0E-4	7.333333333333334E-4	0.9355993123437363	10.767707618987416
HALLMARK_COMPLEMENT	8	0.6	0.6631578947368421	1.0E-4	7.333333333333334E-4	0.9557191300755504	10.441251390209
HALLMARK_E2F_TARGETS	9	0.1	0.17914615384615384	0.0	0.0	0.9854867241453976	10.550486605038984
HALLMARK_MITOTIC_SPINDLE	9	0.1056	0.17914615384615384	0.1848	0.21397894736842105	0.2275653962166075	16.649102483922906
HALLMARK_HEME_METABOLISM	9	0.1109	0.17914615384615384	0.0224	0.0352	0.3731833995169152	12.098103953509337
HALLMARK_ESTROGEN_RESPONSE_EARLY	10	0.3	0.39375	0.3	0.3142857142857143	0.4658231389808535	9.96649513737972
HALLMARK_INTERFERON_GAMMA_RESPONSE	10	0.4	0.49411764705882355	0.0	0.0	0.7865114647550144	10.869732561223035
HALLMARK_MYC_TARGETS_V2	10	0.3	0.39375	0.0	0.0	0.8549848953612506	10.095630315910762
HALLMARK_ANDROGEN_RESPONSE	11	3.0E-4	0.0021	0.1	0.12941176470588237	0.5398970711027732	15.298615594244227
HALLMARK_TNFA_SIGNALING_VIA_NFKB	12	0.1	0.17914615384615384	0.041	0.056375	0.5777592332625786	11.06995673174727
HALLMARK_ESTROGEN_RESPONSE_LATE	12	0.4	0.49411764705882355	0.0208	0.035199999999999995	0.5792191036563626	10.39463518765867
HALLMARK_UV_RESPONSE_UP	13	0.3	0.39375	0.0	0.0	0.8539762095207082	9.87020844127043
HALLMARK_HYPOXIA	14	0.4	0.49411764705882355	0.0062	0.0124	0.6479302344936334	11.166374077729303
HALLMARK_G2M_CHECKPOINT	14	0.4	0.49411764705882355	8.0E-4	0.0022	0.5911919684524183	11.385934497466355
HALLMARK_GLYCOLYSIS	15	0.8	0.8400000000000001	0.0	0.0	0.8584923294886821	10.740876333671036
HALLMARK_UNFOLDED_PROTEIN_RESPONSE	16	0.1	0.17914615384615384	0.0	0.0	0.8184510933208387	10.825564572527922
HALLMARK_UV_RESPONSE_DN	16	8.0E-4	0.004200000000000001	0.1121	0.1370111111111111	0.27094838347356764	13.540336850820507
HALLMARK_FATTY_ACID_METABOLISM	16	0.2948	0.39375	0.0	0.0	0.8622674581450358	11.192986188957601
HALLMARK_ALLOGRAFT_REJECTION	16	0.0041	0.017220000000000003	0.0	0.0	0.7348591773427033	11.601287103184795
HALLMARK_CHOLESTEROL_HOMEOSTASIS	17	0.0	0.0	0.0	0.0	0.8332344030377429	14.606140639491226
HALLMARK_APOPTOSIS	17	0.034	0.08925000000000001	5.0E-4	0.0018333333333333335	0.5064045655064037	11.773036673230674
HALLMARK_XENOBIOTIC_METABOLISM	18	0.4	0.49411764705882355	0.0	0.0	0.7580069227189501	10.345627398136882
HALLMARK_EPITHELIAL_MESENCHYMAL_TRANSITION	18	0.8	0.8400000000000001	0.0	0.0	0.5982440672220478	11.635986904725476
HALLMARK_IL2_STAT5_SIGNALING	18	0.2	0.30000000000000004	0.0	0.0	0.7496208510238854	9.686059008077875
HALLMARK_ADIPOGENESIS	18	0.2	0.30000000000000004	0.0	0.0	0.9496990777050934	10.514256828913375
HALLMARK_KRAS_SIGNALING_UP	19	0.1	0.17914615384615384	5.0E-4	0.0018333333333333335	0.6417470373105578	9.985679336408122
HALLMARK_DNA_REPAIR	20	0.046	0.10733333333333334	0.0	0.0	0.9876166621761285	10.242130158319096
HALLMARK_P53_PATHWAY	22	0.5	0.5833333333333334	0.0	0.0	0.8139414012219073	10.968053947377788
HALLMARK_MYOGENESIS	23	0.1	0.17914615384615384	0.0011	0.002688888888888889	0.4454414724940655	9.1351569033392
HALLMARK_MTORC1_SIGNALING	29	0.0	0.0	0.0	0.0	0.7258233595359306	13.03830907780453
HALLMARK_MYC_TARGETS_V1	33	0.0318	0.08925000000000001	0.0	0.0	0.9836684860416623	10.379765278264562
HALLMARK_OXIDATIVE_PHOSPHORYLATION	52	0.0	0.0	0.0	0.0	0.992231738233531	10.103067534566295
