Set ID	Set N	Kuiper p-value (vs. background)	Kuiper q-value (vs. background)	Kuiper p-value (vs. uniform)	Kuiper q-value (vs. uniform)	Vector-average magnitude	Vector-average value
KEGG_PENTOSE_AND_GLUCURONATE_INTERCONVERSIONS	1	NA	NA	NA	NA	NA	NA
KEGG_ASCORBATE_AND_ALDARATE_METABOLISM	1	NA	NA	NA	NA	NA	NA
KEGG_SULFUR_METABOLISM	1	NA	NA	NA	NA	NA	NA
KEGG_ONE_CARBON_POOL_BY_FOLATE	1	NA	NA	NA	NA	NA	NA
KEGG_VALINE_LEUCINE_AND_ISOLEUCINE_BIOSYNTHESIS	1	NA	NA	NA	NA	NA	NA
KEGG_FOLATE_BIOSYNTHESIS	2	NA	NA	NA	NA	NA	NA
KEGG_OTHER_GLYCAN_DEGRADATION	2	NA	NA	NA	NA	NA	NA
KEGG_NON_HOMOLOGOUS_END_JOINING	2	NA	NA	NA	NA	NA	NA
KEGG_HISTIDINE_METABOLISM	2	NA	NA	NA	NA	NA	NA
KEGG_GLYCOSPHINGOLIPID_BIOSYNTHESIS_GANGLIO_SERIES	2	NA	NA	NA	NA	NA	NA
KEGG_TAURINE_AND_HYPOTAURINE_METABOLISM	2	NA	NA	NA	NA	NA	NA
KEGG_AMINOACYL_TRNA_BIOSYNTHESIS	2	NA	NA	NA	NA	NA	NA
KEGG_ALPHA_LINOLENIC_ACID_METABOLISM	2	NA	NA	NA	NA	NA	NA
KEGG_LIMONENE_AND_PINENE_DEGRADATION	3	NA	NA	NA	NA	NA	NA
KEGG_GLYOXYLATE_AND_DICARBOXYLATE_METABOLISM	3	NA	NA	NA	NA	NA	NA
KEGG_CIRCADIAN_RHYTHM_MAMMAL	3	NA	NA	NA	NA	NA	NA
KEGG_PRIMARY_BILE_ACID_BIOSYNTHESIS	3	NA	NA	NA	NA	NA	NA
KEGG_SELENOAMINO_ACID_METABOLISM	3	NA	NA	NA	NA	NA	NA
KEGG_REGULATION_OF_AUTOPHAGY	3	NA	NA	NA	NA	NA	NA
KEGG_BIOSYNTHESIS_OF_UNSATURATED_FATTY_ACIDS	3	NA	NA	NA	NA	NA	NA
KEGG_O_GLYCAN_BIOSYNTHESIS	3	NA	NA	NA	NA	NA	NA
KEGG_ALANINE_ASPARTATE_AND_GLUTAMATE_METABOLISM	3	NA	NA	NA	NA	NA	NA
KEGG_SNARE_INTERACTIONS_IN_VESICULAR_TRANSPORT	3	NA	NA	NA	NA	NA	NA
KEGG_GLYCOSAMINOGLYCAN_DEGRADATION	4	NA	NA	NA	NA	NA	NA
KEGG_LYSINE_DEGRADATION	4	NA	NA	NA	NA	NA	NA
KEGG_MISMATCH_REPAIR	4	NA	NA	NA	NA	NA	NA
KEGG_ASTHMA	4	NA	NA	NA	NA	NA	NA
KEGG_GLYCOSYLPHOSPHATIDYLINOSITOL_GPI_ANCHOR_BIOSYNTHESIS	4	NA	NA	NA	NA	NA	NA
KEGG_GALACTOSE_METABOLISM	4	NA	NA	NA	NA	NA	NA
KEGG_MATURITY_ONSET_DIABETES_OF_THE_YOUNG	4	NA	NA	NA	NA	NA	NA
KEGG_STEROID_BIOSYNTHESIS	4	NA	NA	NA	NA	NA	NA
KEGG_PORPHYRIN_AND_CHLOROPHYLL_METABOLISM	4	NA	NA	NA	NA	NA	NA
KEGG_GLYCOSPHINGOLIPID_BIOSYNTHESIS_GLOBO_SERIES	4	NA	NA	NA	NA	NA	NA
KEGG_FATTY_ACID_METABOLISM	4	NA	NA	NA	NA	NA	NA
KEGG_ETHER_LIPID_METABOLISM	4	NA	NA	NA	NA	NA	NA
KEGG_PROPANOATE_METABOLISM	5	0.8	0.8986046511627908	0.7	0.7141414141414141	0.31879845042687355	17.76336298834923
KEGG_RENIN_ANGIOTENSIN_SYSTEM	5	0.0132	0.07510588235294118	0.3	0.37875	0.4111727833569033	3.1734810223669205
KEGG_VALINE_LEUCINE_AND_ISOLEUCINE_DEGRADATION	5	0.212	0.40703999999999996	0.3	0.37875	0.31965325673831724	14.196325287438448
KEGG_RIBOFLAVIN_METABOLISM	5	0.7476	0.875239024390244	0.2	0.26933333333333337	0.5779413708160283	11.100904298792825
KEGG_GLYCINE_SERINE_AND_THREONINE_METABOLISM	5	0.885	0.9290322580645162	0.9	0.9	0.18165458276037882	10.009990161662746
KEGG_MTOR_SIGNALING_PATHWAY	5	0.6654	0.8405052631578948	0.7	0.7141414141414141	0.21220800083858563	1.6952751780137132
KEGG_NITROGEN_METABOLISM	5	0.0376	0.1351111111111111	0.3	0.37875	0.5844241495443644	18.503945298057292
KEGG_PANTOTHENATE_AND_COA_BIOSYNTHESIS	5	0.3539	0.5960421052631579	0.5	0.5611111111111111	0.22340593137844963	23.291733504178694
KEGG_TERPENOID_BACKBONE_BIOSYNTHESIS	5	0.8862	0.9290322580645162	0.2	0.26933333333333337	0.5799803281603062	11.422690577074949
KEGG_N_GLYCAN_BIOSYNTHESIS	6	0.3	0.5333333333333333	0.0054	0.02371304347826087	0.6566600902137378	11.894357729510027
KEGG_CITRATE_CYCLE_TCA_CYCLE	6	0.0216	0.09425454545454547	0.0017	0.012985714285714284	0.8857099781556871	10.813923972498058
KEGG_GLYCOSAMINOGLYCAN_BIOSYNTHESIS_KERATAN_SULFATE	6	0.613	0.7918080000000001	0.0241	0.06578648648648648	0.6242433189079696	10.906021429372927
KEGG_HOMOLOGOUS_RECOMBINATION	6	0.805	0.8986046511627908	0.1888	0.26218493150684935	0.38760612489489576	12.100692747071674
KEGG_PHENYLALANINE_METABOLISM	6	0.9885	0.9897	0.311	0.3877901234567901	0.4392773623503615	11.163521273247344
KEGG_PROXIMAL_TUBULE_BICARBONATE_RECLAMATION	6	0.6923	0.850632911392405	0.382	0.4539058823529412	0.3591299205784607	11.445868695034463
KEGG_CYSTEINE_AND_METHIONINE_METABOLISM	6	0.3	0.5333333333333333	0.0096	0.034628571428571425	0.7826427831244096	12.450914955900618
KEGG_SPHINGOLIPID_METABOLISM	6	0.8469	0.9270545454545455	0.1556	0.22776231884057968	0.3569638015536054	10.282567493493476
KEGG_INOSITOL_PHOSPHATE_METABOLISM	6	0.2982	0.5333333333333333	0.086	0.15510714285714283	0.37919476415275033	13.053205816867298
KEGG_BUTANOATE_METABOLISM	6	0.1405	0.28697872340425534	0.0039	0.02073157894736842	0.6652082798362178	10.735644443662938
KEGG_NICOTINATE_AND_NICOTINAMIDE_METABOLISM	6	0.1311	0.28695652173913044	0.2452	0.32162597402597404	0.4464412275066932	2.354380087677344
KEGG_DORSO_VENTRAL_AXIS_FORMATION	6	0.5507	0.7552457142857143	0.3948	0.46366046511627906	0.20564632377795242	6.347994653708688
KEGG_BETA_ALANINE_METABOLISM	6	0.0556	0.1668	0.0572	0.11554400000000001	0.5845413624024045	22.04289794716006
KEGG_GLUTATHIONE_METABOLISM	7	0.3	0.5333333333333333	0.0029	0.01830625	0.8084654077134734	10.727016703186587
KEGG_TYPE_I_DIABETES_MELLITUS	7	0.2	0.3918367346938776	0.1895	0.26218493150684935	0.23410538246320894	2.6129575084051213
KEGG_GLYCEROPHOSPHOLIPID_METABOLISM	7	0.3	0.5333333333333333	0.1297	0.2046828125	0.39222721154497064	13.242137840944945
KEGG_BASAL_TRANSCRIPTION_FACTORS	7	0.3	0.5333333333333333	0.007	0.02828	0.6844003595031855	10.637590961327891
KEGG_GLYCOSAMINOGLYCAN_BIOSYNTHESIS_HEPARAN_SULFATE	7	0.4	0.6508474576271186	0.5993	0.63125	0.16315283230075087	4.660943039968913
KEGG_TYPE_II_DIABETES_MELLITUS	7	0.9	0.9290322580645162	0.1169	0.19521147540983608	0.4281947184033472	10.431821363433349
KEGG_ALLOGRAFT_REJECTION	7	0.2	0.3918367346938776	0.3259	0.40022771084337355	0.24609482607235922	7.043214966947735
KEGG_AMINO_SUGAR_AND_NUCLEOTIDE_SUGAR_METABOLISM	7	0.2	0.3918367346938776	3.0E-4	0.006059999999999999	0.9502811491828095	10.456646942392949
KEGG_STARCH_AND_SUCROSE_METABOLISM	7	0.3	0.5333333333333333	0.5697	0.6142734042553191	0.1952690687739946	22.745945499175917
KEGG_GRAFT_VERSUS_HOST_DISEASE	8	0.3	0.5333333333333333	0.4	0.46436781609195404	0.15048311159101227	20.506370603398928
KEGG_TRYPTOPHAN_METABOLISM	8	0.1	0.25263157894736843	0.0147	0.04854516129032258	0.6521947034542784	9.079599040361398
KEGG_GLYCEROLIPID_METABOLISM	8	0.6	0.7890410958904109	0.0603	0.11712115384615385	0.4474093227827892	9.639302104165541
KEGG_NOTCH_SIGNALING_PATHWAY	8	0.7	0.850632911392405	0.5717	0.6142734042553191	0.12754243786478195	4.781323970023883
KEGG_INTESTINAL_IMMUNE_NETWORK_FOR_IGA_PRODUCTION	8	0.1	0.25263157894736843	0.5687	0.6142734042553191	0.2546583451568587	1.7687680563266621
KEGG_GLYCOSAMINOGLYCAN_BIOSYNTHESIS_CHONDROITIN_SULFATE	8	0.1	0.25263157894736843	0.0547	0.11554400000000001	0.49296851451355583	8.29831314792307
KEGG_GLYCOSPHINGOLIPID_BIOSYNTHESIS_LACTO_AND_NEOLACTO_SERIES	8	0.6	0.7890410958904109	0.0025	0.016833333333333336	0.7131080054397662	10.831753761884087
KEGG_PROTEIN_EXPORT	9	9.0E-4	0.0144	0.0	0.0	0.9919369577923746	11.849858375684082
KEGG_CYTOSOLIC_DNA_SENSING_PATHWAY	9	0.71	0.8519999999999999	0.0499	0.11199777777777778	0.5808349733188461	11.677951326766514
KEGG_NUCLEOTIDE_EXCISION_REPAIR	9	0.241	0.4449230769230769	0.0012	0.010941666666666667	0.6363655993961521	12.43785138274562
KEGG_PYRUVATE_METABOLISM	9	0.7799	0.8913142857142857	0.0939	0.1663842105263158	0.3407546884366448	10.90497275901178
KEGG_RIG_I_LIKE_RECEPTOR_SIGNALING_PATHWAY	9	0.4151	0.6641600000000001	0.0339	0.07962558139534884	0.549980530713826	13.343589206023402
KEGG_NON_SMALL_CELL_LUNG_CANCER	9	0.6914	0.850632911392405	0.1153	0.19521147540983608	0.2016508457885063	13.276444972511158
KEGG_LINOLEIC_ACID_METABOLISM	9	0.0034	0.032639999999999995	0.0333	0.07962558139534884	0.6035996605391821	17.252924627205847
KEGG_PENTOSE_PHOSPHATE_PATHWAY	9	0.0334	0.12825599999999998	0.0	0.0	0.7765999106475421	11.099531289514257
KEGG_THYROID_CANCER	9	0.4304	0.6773508196721312	0.0051	0.02371304347826087	0.6041549229538719	11.76412182479488
KEGG_RNA_DEGRADATION	10	0.0508	0.15731612903225806	4.0E-4	0.006733333333333334	0.6376930585352731	12.187449152437674
KEGG_BASE_EXCISION_REPAIR	10	0.06	0.17251764705882353	5.0E-4	0.007214285714285714	0.6690768113079424	12.178819588407112
KEGG_RNA_POLYMERASE	10	0.007	0.048685714285714284	0.0	0.0	0.986932395248975	11.580291511686994
KEGG_METABOLISM_OF_XENOBIOTICS_BY_CYTOCHROME_P450	10	0.0054	0.0432	0.0237	0.06578648648648648	0.4827901255421389	14.28001571582961
KEGG_ADHERENS_JUNCTION	10	0.3286	0.5735563636363636	0.1956	0.26696756756756757	0.01641961326242716	17.932317905209803
KEGG_PROTEASOME	10	0.0174	0.09094736842105262	3.0E-4	0.006059999999999999	0.6375516083507272	12.074247603797007
KEGG_TYROSINE_METABOLISM	10	0.4401	0.6814451612903225	0.0103	0.03587241379310345	0.5290837802595485	10.82067935951771
KEGG_NOD_LIKE_RECEPTOR_SIGNALING_PATHWAY	10	0.3459	0.5929714285714285	5.0E-4	0.007214285714285714	0.8207764202746393	11.765313358217767
KEGG_AUTOIMMUNE_THYROID_DISEASE	10	0.0785	0.20367567567567565	0.0834	0.15315272727272727	0.3914826769807336	8.944886120843666
KEGG_PRIMARY_IMMUNODEFICIENCY	10	0.2223	0.4184470588235294	0.0261	0.06937105263157896	0.50492972795221	14.092028151039699
KEGG_VASOPRESSIN_REGULATED_WATER_REABSORPTION	11	0.4	0.6508474576271186	0.0038	0.02073157894736842	0.6751295800136995	10.503656336417396
KEGG_PROGESTERONE_MEDIATED_OOCYTE_MATURATION	11	0.0209	0.09425454545454547	0.0292	0.0754975	0.4095664324658824	14.059361882831276
KEGG_ENDOMETRIAL_CANCER	11	0.5164	0.729035294117647	0.1439	0.21692388059701492	0.23367712467589083	13.270541886729474
KEGG_DRUG_METABOLISM_OTHER_ENZYMES	11	0.868	0.9290322580645162	0.2667	0.3451898734177215	0.2281755901352901	11.749692075960265
KEGG_FRUCTOSE_AND_MANNOSE_METABOLISM	11	2.0E-4	0.0048000000000000004	0.0	0.0	0.9894584446241589	11.191574671071479
KEGG_SYSTEMIC_LUPUS_ERYTHEMATOSUS	11	0.0	0.0	0.0	0.0	0.8134658891301069	0.037847228093696055
KEGG_PEROXISOME	11	0.0611	0.17251764705882353	0.0	0.0	0.9532500582485801	11.266209858840316
KEGG_DRUG_METABOLISM_CYTOCHROME_P450	11	0.1118	0.2587428571428571	0.1179	0.19521147540983608	0.46712908233294526	14.102107820124907
KEGG_HEDGEHOG_SIGNALING_PATHWAY	12	0.0399	0.13679999999999998	0.3	0.37875	0.3101183815869892	7.137513942800021
KEGG_PPAR_SIGNALING_PATHWAY	12	0.5849	0.7798666666666666	0.0544	0.11554400000000001	0.485719105333887	11.942335787195931
KEGG_COLORECTAL_CANCER	12	0.1124	0.2587428571428571	0.0	0.0	0.699362998580101	11.426374126492775
KEGG_STEROID_HORMONE_BIOSYNTHESIS	12	0.541	0.7526956521739131	0.0018	0.012985714285714284	0.5694933391187703	11.704083774899644
KEGG_TASTE_TRANSDUCTION	12	0.0013	0.017828571428571426	1.0E-4	0.003366666666666667	0.6300607677522089	23.32799958504814
KEGG_ABC_TRANSPORTERS	13	0.0099	0.06336	0.9	0.9	0.13254378193242744	1.7634652021466568
KEGG_PANCREATIC_CANCER	13	0.916	0.9354893617021277	0.0053	0.02371304347826087	0.4133295083863512	10.969218775599646
KEGG_ALDOSTERONE_REGULATED_SODIUM_REABSORPTION	13	0.4869	0.7272727272727273	0.0568	0.11554400000000001	0.2325244439664644	13.347006163272567
KEGG_PHOSPHATIDYLINOSITOL_SIGNALING_SYSTEM	13	0.5673	0.7670535211267605	0.0484	0.11109999999999999	0.11576177665426	12.398962942757635
KEGG_LEISHMANIA_INFECTION	14	0.0334	0.12825599999999998	0.3	0.37875	0.1968651483743059	20.671671028198904
KEGG_ACUTE_MYELOID_LEUKEMIA	14	0.3858	0.6385655172413793	0.001	0.010941666666666667	0.4430575583670368	12.629225267365598
KEGG_RETINOL_METABOLISM	14	0.4723	0.719695238095238	0.4801	0.544832584269663	0.12060631078522847	11.741757575470617
KEGG_PRION_DISEASES	14	0.0071	0.048685714285714284	0.1719	0.24802714285714286	0.17216107181358806	15.605776329991834
KEGG_VEGF_SIGNALING_PATHWAY	14	0.8498	0.9270545454545455	0.2376	0.3157578947368421	0.25790852509197654	13.700471711812122
KEGG_ARACHIDONIC_ACID_METABOLISM	14	0.4928	0.7272727272727273	0.5223	0.5796956043956044	0.2553013682799474	13.952932129230994
KEGG_DNA_REPLICATION	14	0.06	0.17251764705882353	1.0E-4	0.003366666666666667	0.5305757547709832	12.924112200735046
KEGG_BLADDER_CANCER	14	0.893	0.9290322580645162	0.3289	0.40022771084337355	0.1730838524542846	12.517397806260572
KEGG_TGF_BETA_SIGNALING_PATHWAY	14	0.1121	0.2587428571428571	0.0586	0.11605098039215686	0.24708897498228174	13.047441206962342
KEGG_ERBB_SIGNALING_PATHWAY	15	0.3	0.5333333333333333	0.1	0.17413793103448277	0.15496611034187063	12.044585936894594
KEGG_GLIOMA	15	0.8	0.8986046511627908	0.0212	0.06297647058823529	0.24683135106937906	9.949058382728188
KEGG_FC_EPSILON_RI_SIGNALING_PATHWAY	15	0.7	0.850632911392405	0.7136	0.720736	0.01928729063405724	21.71014636345666
KEGG_ADIPOCYTOKINE_SIGNALING_PATHWAY	15	0.7	0.850632911392405	0.6527	0.672680612244898	0.11102158143991926	16.311631243825882
KEGG_HEMATOPOIETIC_CELL_LINEAGE	15	0.4	0.6508474576271186	0.12	0.19548387096774192	0.11199539550859922	5.463384842460574
KEGG_VIRAL_MYOCARDITIS	15	0.7	0.850632911392405	0.0083	0.031048148148148148	0.3900443268166928	10.707110275434975
KEGG_CHRONIC_MYELOID_LEUKEMIA	15	0.6	0.7890410958904109	0.0149	0.04854516129032258	0.41772394062181367	12.298538381053966
KEGG_LONG_TERM_POTENTIATION	15	0.7	0.850632911392405	3.0E-4	0.006059999999999999	0.4504074639602464	12.023966511788695
KEGG_RENAL_CELL_CARCINOMA	16	0.3	0.5333333333333333	1.0E-4	0.003366666666666667	0.5071790383911973	11.537146799438812
KEGG_PATHOGENIC_ESCHERICHIA_COLI_INFECTION	16	0.6	0.7890410958904109	0.0018	0.012985714285714284	0.3737027865026658	11.399000620513608
KEGG_BASAL_CELL_CARCINOMA	16	0.6	0.7890410958904109	0.1437	0.21692388059701492	0.3615966463836267	9.84657069311795
KEGG_TOLL_LIKE_RECEPTOR_SIGNALING_PATHWAY	17	0.8	0.8986046511627908	0.2	0.26933333333333337	0.3066417824437432	13.130764429798704
KEGG_ARGININE_AND_PROLINE_METABOLISM	17	0.2	0.3918367346938776	2.0E-4	0.00505	0.592393464738345	10.948881279962468
KEGG_SMALL_CELL_LUNG_CANCER	17	0.8	0.8986046511627908	0.0562	0.11554400000000001	0.27559616205156534	11.303502221197022
KEGG_AMYOTROPHIC_LATERAL_SCLEROSIS_ALS	17	0.8	0.8986046511627908	0.0011	0.010941666666666667	0.42607150308694586	10.790609787621117
KEGG_HYPERTROPHIC_CARDIOMYOPATHY_HCM	17	0.1	0.25263157894736843	0.4139	0.4750443181818182	0.12262109220940462	23.10897593780722
KEGG_ANTIGEN_PROCESSING_AND_PRESENTATION	17	0.0475	0.152	0.0032	0.019011764705882353	0.5170610735034944	13.541258325790363
KEGG_UBIQUITIN_MEDIATED_PROTEOLYSIS	17	1.0E-4	0.0032	0.0	0.0	0.7631389144852638	12.036953615756662
KEGG_MELANOMA	18	0.3	0.5333333333333333	0.27	0.3451898734177215	0.11466024205256616	17.638043456119114
KEGG_ARRHYTHMOGENIC_RIGHT_VENTRICULAR_CARDIOMYOPATHY_ARVC	18	0.0673	0.1845942857142857	0.2	0.26933333333333337	0.23964435924534755	23.8486207363381
KEGG_LONG_TERM_DEPRESSION	18	0.0261	0.1044	0.07	0.13339622641509435	0.10479724164354962	20.490050694261143
KEGG_DILATED_CARDIOMYOPATHY	19	0.5	0.7272727272727273	0.3	0.37875	0.00796909878154018	20.814664044131657
KEGG_GNRH_SIGNALING_PATHWAY	19	0.6	0.7890410958904109	0.007	0.02828	0.44453725120153653	12.758306052551035
KEGG_GLYCOLYSIS_GLUCONEOGENESIS	20	0.0	0.0	0.0	0.0	0.8908105049496307	11.456934601764921
KEGG_ECM_RECEPTOR_INTERACTION	21	0.0133	0.07510588235294118	0.6	0.63125	0.17698699928949652	22.54908976895165
KEGG_GAP_JUNCTION	21	0.7665	0.8865542168674698	0.0	0.0	0.5101836467258907	11.492285358892365
KEGG_APOPTOSIS	21	0.9897	0.9897	0.0225	0.06492857142857143	0.2861148048570737	10.763568826365166
KEGG_P53_SIGNALING_PATHWAY	22	0.1	0.25263157894736843	8.0E-4	0.0101	0.485253826951076	12.658862202507521
KEGG_FC_GAMMA_R_MEDIATED_PHAGOCYTOSIS	22	0.1118	0.2587428571428571	0.129	0.2046828125	0.13744767656317322	0.2569205752185284
KEGG_EPITHELIAL_CELL_SIGNALING_IN_HELICOBACTER_PYLORI_INFECTION	22	0.0728	0.19413333333333335	0.0	0.0	0.5071578006052119	11.964669297241107
KEGG_T_CELL_RECEPTOR_SIGNALING_PATHWAY	22	0.1354	0.28695652173913044	0.1422	0.21692388059701492	0.1219866065747503	21.74116936833819
KEGG_B_CELL_RECEPTOR_SIGNALING_PATHWAY	23	0.6	0.7890410958904109	0.2	0.26933333333333337	0.08773784968158342	12.452186874902297
KEGG_OOCYTE_MEIOSIS	23	0.1	0.25263157894736843	0.0	0.0	0.5605197694056434	12.401520256437486
KEGG_VASCULAR_SMOOTH_MUSCLE_CONTRACTION	23	0.1	0.25263157894736843	0.1813	0.2579056338028169	0.06018741777199473	20.749004814437598
KEGG_OLFACTORY_TRANSDUCTION	23	0.2	0.3918367346938776	0.1509	0.22413088235294118	0.08777344532259367	20.236376589875366
KEGG_LEUKOCYTE_TRANSENDOTHELIAL_MIGRATION	24	0.1	0.25263157894736843	0.2	0.26933333333333337	0.08337496272740366	23.554002146385617
KEGG_COMPLEMENT_AND_COAGULATION_CASCADES	25	0.038	0.1351111111111111	0.017	0.05203030303030303	0.053873871484591024	22.744011233920517
KEGG_PROSTATE_CANCER	25	0.7301	0.8653037037037037	0.0	0.0	0.37163259174433066	11.165565292726004
KEGG_SPLICEOSOME	25	0.0	0.0	0.0	0.0	0.9843818102716073	11.658356372934584
KEGG_VIBRIO_CHOLERAE_INFECTION	25	0.0029	0.03093333333333333	0.0	0.0	0.8185439831454933	11.447030167842952
KEGG_TIGHT_JUNCTION	26	0.9	0.9290322580645162	0.0299	0.0754975	0.17207127274215714	11.144565660732326
KEGG_INSULIN_SIGNALING_PATHWAY	26	0.8	0.8986046511627908	0.007	0.02828	0.20955000859621914	10.27692220021246
KEGG_JAK_STAT_SIGNALING_PATHWAY	26	0.018	0.09094736842105262	0.6418	0.6682659793814434	0.07341187769408354	9.402767791529248
KEGG_NATURAL_KILLER_CELL_MEDIATED_CYTOTOXICITY	27	0.0023	0.0276	0.2	0.26933333333333337	0.2466724597549169	21.57511235902124
KEGG_MELANOGENESIS	29	0.7	0.850632911392405	0.0025	0.016833333333333336	0.3958456581944855	11.096399703122184
KEGG_CARDIAC_MUSCLE_CONTRACTION	29	1.0E-4	0.0032	0.0	0.0	0.7028575010094019	12.195443085270275
KEGG_AXON_GUIDANCE	29	0.5085	0.7285970149253731	0.072	0.13466666666666666	0.07367497656599686	11.289857010507554
KEGG_CHEMOKINE_SIGNALING_PATHWAY	29	0.1375	0.28695652173913044	0.3805	0.4539058823529412	0.026860354663522122	4.2193691635179364
KEGG_CELL_ADHESION_MOLECULES_CAMS	30	0.2	0.3918367346938776	0.0322	0.07932195121951219	0.11089538691091046	14.33308254792147
KEGG_LYSOSOME	30	8.0E-4	0.0144	0.0	0.0	0.6782400946648653	11.844183413073614
KEGG_NEUROTROPHIN_SIGNALING_PATHWAY	30	0.6186	0.7918080000000001	0.0	0.0	0.4745306942144297	10.59585448816797
KEGG_ENDOCYTOSIS	31	0.3	0.5333333333333333	1.0E-4	0.003366666666666667	0.23007292136427682	11.984693892070357
KEGG_CELL_CYCLE	32	0.007	0.048685714285714284	0.0	0.0	0.5398943984317965	13.186586767084101
KEGG_PYRIMIDINE_METABOLISM	32	0.0458	0.15161379310344827	0.0	0.0	0.5210225180334925	11.346918697285457
KEGG_WNT_SIGNALING_PATHWAY	32	0.1132	0.2587428571428571	0.0057	0.023987500000000002	0.3424627777191908	13.08847889239086
KEGG_CYTOKINE_CYTOKINE_RECEPTOR_INTERACTION	40	0.0038	0.03316363636363637	0.016	0.0505	0.07301794535732882	18.80414690073639
KEGG_FOCAL_ADHESION	44	0.0202	0.09425454545454547	0.1	0.17413793103448277	0.0718489797665827	5.438816754547411
KEGG_PURINE_METABOLISM	44	0.0232	0.09683478260869564	0.0	0.0	0.5854883658801177	11.26965123402703
KEGG_REGULATION_OF_ACTIN_CYTOSKELETON	47	0.1534	0.3068	0.0077	0.02991153846153846	0.14123765228490548	8.78821030197247
KEGG_CALCIUM_SIGNALING_PATHWAY	50	0.2	0.3918367346938776	0.0046	0.023229999999999997	0.14505664371792612	8.777667560178966
KEGG_MAPK_SIGNALING_PATHWAY	54	0.8	0.8986046511627908	4.0E-4	0.006733333333333334	0.36671173361408443	11.095713276290217
KEGG_PARKINSONS_DISEASE	58	0.0	0.0	0.0	0.0	0.8619125234121375	12.024265596527915
KEGG_OXIDATIVE_PHOSPHORYLATION	62	0.0	0.0	0.0	0.0	0.9308435678212539	11.899707511396922
KEGG_ALZHEIMERS_DISEASE	70	0.0	0.0	0.0	0.0	0.7191718546429907	11.97101855051379
KEGG_RIBOSOME	73	0.0	0.0	0.0	0.0	0.9945375214756577	12.059245044968733
KEGG_HUNTINGTONS_DISEASE	74	0.0	0.0	0.0	0.0	0.791486992302457	11.798452642905218
KEGG_NEUROACTIVE_LIGAND_RECEPTOR_INTERACTION	77	2.0E-4	0.0048000000000000004	0.0013	0.010941666666666667	0.13859879862578114	8.277907749569215
KEGG_PATHWAYS_IN_CANCER	78	0.1341	0.28695652173913044	0.0	0.0	0.22407291488661463	11.234051492673528
