Set ID	Set N	Kuiper p-value (vs. background)	Kuiper q-value (vs. background)	Kuiper p-value (vs. uniform)	Kuiper q-value (vs. uniform)	Vector-average magnitude	Vector-average value
HALLMARK_APICAL_SURFACE	0	NA	NA	NA	NA	NA	NA
HALLMARK_HEDGEHOG_SIGNALING	0	NA	NA	NA	NA	NA	NA
HALLMARK_PANCREAS_BETA_CELLS	0	NA	NA	NA	NA	NA	NA
HALLMARK_MYC_TARGETS_V2	0	NA	NA	NA	NA	NA	NA
HALLMARK_E2F_TARGETS	1	NA	NA	NA	NA	NA	NA
HALLMARK_MYC_TARGETS_V1	1	NA	NA	NA	NA	NA	NA
HALLMARK_TGF_BETA_SIGNALING	2	NA	NA	NA	NA	NA	NA
HALLMARK_KRAS_SIGNALING_DN	2	NA	NA	NA	NA	NA	NA
HALLMARK_ANGIOGENESIS	2	NA	NA	NA	NA	NA	NA
HALLMARK_REACTIVE_OXYGEN_SPECIES_PATHWAY	2	NA	NA	NA	NA	NA	NA
HALLMARK_DNA_REPAIR	2	NA	NA	NA	NA	NA	NA
HALLMARK_PROTEIN_SECRETION	2	NA	NA	NA	NA	NA	NA
HALLMARK_SPERMATOGENESIS	3	NA	NA	NA	NA	NA	NA
HALLMARK_MITOTIC_SPINDLE	3	NA	NA	NA	NA	NA	NA
HALLMARK_APICAL_JUNCTION	3	NA	NA	NA	NA	NA	NA
HALLMARK_NOTCH_SIGNALING	3	NA	NA	NA	NA	NA	NA
HALLMARK_WNT_BETA_CATENIN_SIGNALING	3	NA	NA	NA	NA	NA	NA
HALLMARK_BILE_ACID_METABOLISM	4	NA	NA	NA	NA	NA	NA
HALLMARK_UNFOLDED_PROTEIN_RESPONSE	4	NA	NA	NA	NA	NA	NA
HALLMARK_PI3K_AKT_MTOR_SIGNALING	4	NA	NA	NA	NA	NA	NA
HALLMARK_G2M_CHECKPOINT	4	NA	NA	NA	NA	NA	NA
HALLMARK_HEME_METABOLISM	5	0.9	1.0	0.4	0.49559999999999993	0.6468965268110304	16.71124607464077
HALLMARK_ESTROGEN_RESPONSE_EARLY	6	1.0	1.0	0.3	0.39999999999999997	0.2304656318756211	9.429672033015247
HALLMARK_PEROXISOME	6	0.0233	0.09708333333333334	0.0048	0.016457142857142854	0.7898330845956187	16.459563158574728
HALLMARK_MYOGENESIS	6	0.6459	0.8970833333333335	0.6126	0.6126	0.22739293004031655	5.353943154680189
HALLMARK_UV_RESPONSE_UP	6	0.069	0.19166666666666668	0.0611	0.1333090909090909	0.6069182037066878	11.720177450476438
HALLMARK_FATTY_ACID_METABOLISM	6	0.7182	0.8977499999999999	0.413	0.49559999999999993	0.21551442046370403	13.272252666342037
HALLMARK_ADIPOGENESIS	6	0.9578	1.0	0.5233	0.5980571428571428	0.1890391829163472	13.578806681455205
HALLMARK_XENOBIOTIC_METABOLISM	7	0.7	0.8977499999999999	0.1487	0.23792	0.42299851503956676	16.995600983152475
HALLMARK_CHOLESTEROL_HOMEOSTASIS	7	0.214	0.35883333333333334	0.2024	0.30360000000000004	0.3758930342329129	11.931589098470777
HALLMARK_ANDROGEN_RESPONSE	7	0.982	1.0	0.5995	0.6126	0.20786601270536206	16.6007170519489
HALLMARK_ESTROGEN_RESPONSE_LATE	7	0.96	1.0	0.6018	0.6126	0.2806400108041159	14.453304516580964
HALLMARK_EPITHELIAL_MESENCHYMAL_TRANSITION	8	0.3	0.46875	0.1	0.17142857142857143	0.4647090074175573	9.531831888101296
HALLMARK_GLYCOLYSIS	8	0.2	0.35883333333333334	0.1	0.17142857142857143	0.6357172372885291	16.642990116583213
HALLMARK_COAGULATION	8	0.4	0.5882352941176471	0.1	0.17142857142857143	0.34193609224528937	11.48050528453491
HALLMARK_P53_PATHWAY	9	0.4	0.5882352941176471	0.1	0.17142857142857143	0.41329572207269266	17.927682822964965
HALLMARK_ALLOGRAFT_REJECTION	9	0.0654	0.19166666666666668	5.0E-4	0.0024	0.7484088330602074	18.38851939581853
HALLMARK_INTERFERON_ALPHA_RESPONSE	10	0.1104	0.23	5.0E-4	0.0024	0.5740486235677155	18.36989577674917
HALLMARK_UV_RESPONSE_DN	10	0.2153	0.35883333333333334	0.242	0.34164705882352936	0.43486451889913824	6.892360876168514
HALLMARK_APOPTOSIS	11	0.9	1.0	0.0929	0.17142857142857143	0.3806056954773888	16.261709091094772
HALLMARK_HYPOXIA	11	0.2	0.35883333333333334	0.0108	0.032400000000000005	0.6606987881590685	16.89289260849058
HALLMARK_IL6_JAK_STAT3_SIGNALING	12	0.0068	0.042499999999999996	1.0E-4	8.0E-4	0.6469148280303081	16.889885712541975
HALLMARK_OXIDATIVE_PHOSPHORYLATION	12	1.0E-4	0.00125	6.0E-4	0.0024	0.7905123067811457	11.870715831142284
HALLMARK_KRAS_SIGNALING_UP	15	0.1	0.2272727272727273	0.0692	0.1384	0.3939004931287867	13.741628598981679
HALLMARK_MTORC1_SIGNALING	15	0.3	0.46875	0.0571	0.1333090909090909	0.3865959629613119	14.522039631921512
HALLMARK_IL2_STAT5_SIGNALING	16	0.0455	0.16249999999999998	6.0E-4	0.0024	0.5106716066630338	16.849680829133746
HALLMARK_INFLAMMATORY_RESPONSE	16	0.0954	0.2272727272727273	3.0E-4	0.0018	0.6314329393941044	17.337480156980742
HALLMARK_TNFA_SIGNALING_VIA_NFKB	17	0.2	0.35883333333333334	0.0213	0.056799999999999996	0.3246926995703356	14.406734921202307
HALLMARK_INTERFERON_GAMMA_RESPONSE	18	0.0014	0.011666666666666667	0.0	0.0	0.7725594155959437	17.590458852667176
HALLMARK_COMPLEMENT	20	0.0168	0.08399999999999999	0.0	0.0	0.5795171053419732	16.7841877013168
