Set ID	Set N	Kuiper p-value (vs. background)	Kuiper q-value (vs. background)	Kuiper p-value (vs. uniform)	Kuiper q-value (vs. uniform)	Vector-average magnitude	Vector-average value
HALLMARK_NOTCH_SIGNALING	9	0.6	0.6642857142857143	0.0067	0.010050000000000002	0.5593413416917438	11.791550014948442
HALLMARK_ANGIOGENESIS	10	0.0029	0.0112375	0.1	0.1090909090909091	0.2607724980435275	5.058405824440921
HALLMARK_HEDGEHOG_SIGNALING	10	0.4331	0.5163884615384615	0.1	0.1090909090909091	0.37594095577838843	9.302893879350435
HALLMARK_WNT_BETA_CATENIN_SIGNALING	12	0.28	0.37739130434782614	0.0262	0.03493333333333334	0.4400500389972677	10.530393067003896
HALLMARK_APICAL_SURFACE	14	0.3	0.3875	0.2	0.2	0.06833519305234889	9.588810223167705
HALLMARK_PANCREAS_BETA_CELLS	14	0.1	0.15500000000000003	0.0012	0.0028799999999999997	0.40241147459105914	11.880522482515472
HALLMARK_IL6_JAK_STAT3_SIGNALING	15	0.1	0.15500000000000003	0.1	0.1090909090909091	0.34794176407209176	14.465592689962953
HALLMARK_TGF_BETA_SIGNALING	16	0.7	0.7482758620689655	0.1	0.1090909090909091	0.08983872629178237	20.03184012230136
HALLMARK_INTERFERON_ALPHA_RESPONSE	20	0.7	0.7482758620689655	7.0E-4	0.0028	0.3126690100573554	12.719612471744894
HALLMARK_CHOLESTEROL_HOMEOSTASIS	25	0.5	0.5740740740740741	0.0	0.0	0.5737223205166473	11.530655780175094
HALLMARK_ANDROGEN_RESPONSE	25	0.2	0.2952380952380953	0.0	0.0	0.3659461369113793	12.061589226858015
HALLMARK_MYC_TARGETS_V2	27	1.0E-4	0.0015500000000000002	0.0	0.0	0.8995126077237529	11.077823763157511
HALLMARK_REACTIVE_OXYGEN_SPECIES_PATHWAY	28	0.006	0.0155	0.0	0.0	0.8238472100726594	11.227088718478486
HALLMARK_PEROXISOME	29	1.0	1.0	0.0	0.0	0.26366255964328017	11.554261928765374
HALLMARK_PROTEIN_SECRETION	29	3.0E-4	0.0031	0.0	0.0	0.7287154903573119	11.605953682815144
HALLMARK_SPERMATOGENESIS	31	0.1	0.15500000000000003	0.0066	0.010050000000000002	0.11554014870539124	15.306446468232103
HALLMARK_INFLAMMATORY_RESPONSE	32	0.2	0.2952380952380953	0.0398	0.04776	0.08141003187900687	16.9758401126272
HALLMARK_BILE_ACID_METABOLISM	34	0.2	0.2952380952380953	0.0058	0.010050000000000002	0.128206142773564	16.468434897719796
HALLMARK_PI3K_AKT_MTOR_SIGNALING	34	0.6	0.6642857142857143	0.0	0.0	0.4624894481425892	11.535541480423753
HALLMARK_COAGULATION	39	0.2	0.2952380952380953	0.0	0.0	0.4065662075707055	12.103775034078177
HALLMARK_ALLOGRAFT_REJECTION	40	0.1	0.15500000000000003	0.0	0.0	0.30452900781017855	12.230222124193002
HALLMARK_HEME_METABOLISM	44	0.0373	0.06801764705882353	0.0	0.0	0.5477599048005952	11.632869832887952
HALLMARK_INTERFERON_GAMMA_RESPONSE	45	0.0013	0.005757142857142857	0.0	0.0	0.29114507131938583	13.34416382812785
HALLMARK_KRAS_SIGNALING_UP	47	0.3	0.3875	0.0	0.0	0.35853337334352264	10.292392878903264
HALLMARK_UNFOLDED_PROTEIN_RESPONSE	48	1.0E-4	0.0015500000000000002	0.0	0.0	0.8650657887391164	11.537659546583718
HALLMARK_KRAS_SIGNALING_DN	49	0.0156	0.03224	0.001	0.0028799999999999997	0.07002288562752196	20.85939139244905
HALLMARK_APOPTOSIS	49	0.07	0.11421052631578948	0.0	0.0	0.442573834257852	12.044932511971028
HALLMARK_ESTROGEN_RESPONSE_LATE	50	0.3	0.3875	0.0	0.0	0.3406682899195048	10.922231304721233
HALLMARK_COMPLEMENT	51	0.3	0.3875	0.0	0.0	0.3787821177484772	12.133170254414214
HALLMARK_MYOGENESIS	53	0.4	0.49600000000000005	0.0	0.0	0.2039113690040705	11.666651304216273
HALLMARK_XENOBIOTIC_METABOLISM	54	0.3	0.3875	0.0	0.0	0.377926543726675	11.694027544149748
HALLMARK_IL2_STAT5_SIGNALING	54	0.8	0.8266666666666667	0.0	0.0	0.3578749199915623	11.289496329450415
HALLMARK_FATTY_ACID_METABOLISM	54	0.0051	0.014936363636363637	0.0	0.0	0.5191173652929632	11.633364920234282
HALLMARK_APICAL_JUNCTION	56	0.1	0.15500000000000003	1.0E-4	6.000000000000001E-4	0.03918521319088443	20.06725308439301
HALLMARK_UV_RESPONSE_DN	56	0.0	0.0	0.0	0.0	0.4731369524257805	23.015353894930087
HALLMARK_MITOTIC_SPINDLE	57	0.0074	0.017646153846153846	0.0	0.0	0.14841809980963652	21.748328260936972
HALLMARK_EPITHELIAL_MESENCHYMAL_TRANSITION	58	0.7	0.7482758620689655	1.0E-4	6.000000000000001E-4	0.12927392273935967	11.507773420661106
HALLMARK_G2M_CHECKPOINT	59	0.0205	0.039718750000000004	0.0	0.0	0.4388243874464831	12.830100519524862
HALLMARK_ESTROGEN_RESPONSE_EARLY	60	0.21	0.2959090909090909	0.0	0.0	0.024441193224112926	8.563863801312973
HALLMARK_P53_PATHWAY	62	0.01	0.022142857142857145	0.0	0.0	0.5961270078902255	11.329229731092653
HALLMARK_HYPOXIA	62	0.065	0.11194444444444444	0.0	0.0	0.49761551032464646	11.564555683919854
HALLMARK_DNA_REPAIR	63	0.0	0.0	0.0	0.0	0.8596887227068105	11.29267578201419
HALLMARK_E2F_TARGETS	64	0.0	0.0	0.0	0.0	0.6602152256682018	12.152376408241313
HALLMARK_UV_RESPONSE_UP	64	0.001	0.005166666666666667	0.0	0.0	0.7370546768932675	11.3254331144996
HALLMARK_GLYCOLYSIS	65	6.0E-4	0.0037199999999999998	0.0	0.0	0.4371404620210566	11.445179121960312
HALLMARK_TNFA_SIGNALING_VIA_NFKB	72	0.0038	0.013088888888888888	0.0	0.0	0.5525549742878602	10.736485275744283
HALLMARK_ADIPOGENESIS	72	0.0053	0.014936363636363637	0.0	0.0	0.5992295321849128	11.275776919676392
HALLMARK_MTORC1_SIGNALING	80	5.0E-4	0.0037199999999999998	0.0	0.0	0.6500941011896064	11.383197434679104
HALLMARK_MYC_TARGETS_V1	104	0.0	0.0	0.0	0.0	0.9480746204179948	11.311375039386736
HALLMARK_OXIDATIVE_PHOSPHORYLATION	113	0.0	0.0	0.0	0.0	0.9742824681245149	11.03446328146789
